№     | Дата/время           | Температура  | Осадки (мм) 
------|----------------------|--------------|--------------%n1     | 2026-05-16T00:00     | 17,0         | 0,00        
2     | 2026-05-16T01:00     | 16,5         | 0,00        
3     | 2026-05-16T02:00     | 16,4         | 0,00        
4     | 2026-05-16T03:00     | 15,9         | 0,00        
5     | 2026-05-16T04:00     | 15,6         | 0,00        
6     | 2026-05-16T05:00     | 15,3         | 0,00        
7     | 2026-05-16T06:00     | 16,0         | 0,00        
8     | 2026-05-16T07:00     | 18,1         | 0,00        
9     | 2026-05-16T08:00     | 19,7         | 0,00        
10    | 2026-05-16T09:00     | 21,7         | 0,00        
11    | 2026-05-16T10:00     | 23,3         | 0,00        
12    | 2026-05-16T11:00     | 24,4         | 0,00        
13    | 2026-05-16T12:00     | 25,4         | 0,00        
14    | 2026-05-16T13:00     | 26,4         | 0,00        
15    | 2026-05-16T14:00     | 27,3         | 0,00        
16    | 2026-05-16T15:00     | 27,0         | 0,00        
17    | 2026-05-16T16:00     | 27,0         | 0,00        
18    | 2026-05-16T17:00     | 26,3         | 0,00        
19    | 2026-05-16T18:00     | 25,7         | 0,00        
20    | 2026-05-16T19:00     | 24,2         | 0,00        
21    | 2026-05-16T20:00     | 22,2         | 0,00        
22    | 2026-05-16T21:00     | 19,9         | 0,00        
23    | 2026-05-16T22:00     | 18,7         | 0,00        
24    | 2026-05-16T23:00     | 17,9         | 0,00        
